0 0.952593 0.952593 0.000000
1 0.010447 0.010428 0.001822
2 0.004562 0.004574 -0.002624
3 0.002567 0.002591 -0.009263
4 0.001688 0.001691 -0.001774
5 0.001196 0.001211 -0.012386
6 0.000943 0.000930 0.013978
7 0.000790 0.000757 0.043593
8 0.000673 0.000646 0.041796
9 0.000583 0.000573 0.017452
10 0.000513 0.000523 -0.019120
11 0.000451 0.000488 -0.075820
12 0.000428 0.000462 -0.073593
13 0.000408 0.000443 -0.079007
14 0.000401 0.000429 -0.065268
15 0.000397 0.000417 -0.047962
16 0.000390 0.000406 -0.039409
17 0.000403 0.000397 0.015113
18 0.000426 0.000387 0.100775
19 0.000464 0.000376 0.234043
20 0.019678 0.019678 0.000000
dev_vec 0 0.00182201764480245 -0.00262352426759944 -0.00926283288305679 -0.00177409816676521 -0.0123864574731627 0.0139784946236559 0.0435931307793924 0.0417956656346749 0.0174520069808026 -0.0191204588910134 -0.0758196721311475 -0.0735930735930736 -0.0790067720090293 -0.0652680652680653 -0.0479616306954436 -0.0394088669950739 0.0151133501259445 0.10077519379845 0.234042553191489 0
24033585.990700
148254.496480
54553.695921
27865.527106
16457.730150
11052.999529
8426.624469
6647.739120
5577.623849
4783.521616
4011.000000
3712.478384
3339.376151
3120.260880
3025.375531
2921.000471
2933.269850
2907.472894
3181.304079
3514.503520
199539.009300
